
Mean
98.6804
0.22185
98.6491

Covariance
  675.93 -23.6256  675.039
-23.6256  190.178  -23.547
 675.039  -23.547  674.229

Eigenvalues of covariance matrix
  (1351.08,0)
(0.0406375,0)
   (189.22,0)

P
    0.707261    -0.706664    0.0201928
  -0.0287212 -0.000182859     0.999587
    0.706369     0.707549    0.0204252
P
    0.707261    -0.706664    0.0201928
  -0.0287212 -0.000182859     0.999587
    0.706369     0.707549    0.0204252
