Type
0

Mean
5.006
3.418
1.464
0.244

Covariance
  0.124249   0.100298  0.0161388  0.0105469
  0.100298    0.14518  0.0116816  0.0114367
 0.0161388  0.0116816  0.0301061 0.00569796
 0.0105469  0.0114367 0.00569796  0.0114939

Eigenvalues of covariance matrix
   (0.23852,0)
 (0.0362595,0)
 (0.0268492,0)
(0.00940019,0)

P
  -0.666206    0.605924    0.434702 -0.00773984
  -0.736359   -0.619614   -0.265848  -0.0563754
 -0.0947871    0.491636   -0.834638   -0.229541
 -0.0704241    0.085021   -0.209139    0.971634
Type
1

Mean
5.936
 2.77
 4.26
1.326

Covariance
 0.266433 0.0851837  0.182898 0.0557796
0.0851837 0.0984694  0.082653 0.0412041
 0.182898  0.082653  0.220816  0.073102
0.0557796 0.0412041  0.073102 0.0391061

Eigenvalues of covariance matrix
  (0.487874,0)
 (0.0723841,0)
 (0.0547762,0)
(0.00979038,0)

P
 0.686724 -0.669089 -0.265083  -0.10228
 0.305347  0.567465 -0.729618  0.228919
 0.623663  0.343327  0.627165  0.315967
 0.214984  0.335305 0.0636608 -0.915041
Type
2

Mean
6.588
2.974
5.552
2.026

Covariance
 0.404343 0.0937632   0.30329 0.0490939
0.0937632  0.104004 0.0713796 0.0476286
  0.30329 0.0713796  0.304588 0.0488245
0.0490939 0.0476286 0.0488245 0.0754327

Eigenvalues of covariance matrix
 (0.695255,0)
(0.0522953,0)
(0.0342659,0)
 (0.106551,0)

P
-0.741017  0.534449  0.371413  0.165259
-0.203288  0.325377 -0.540683 -0.748643
-0.627892 -0.651523 -0.390595  0.169427
-0.123774 -0.428967  0.645871 -0.619288
