
Mean
5.84333
  3.054
3.75867
1.19867

Covariance
  0.685693 -0.0392685    1.27368   0.516904
-0.0392685   0.188004  -0.321713  -0.117981
   1.27368  -0.321713    3.11318    1.29639
  0.516904  -0.117981    1.29639   0.582414

Eigenvalues of covariance matrix
  (4.22484,0)
 (0.242243,0)
(0.0785239,0)
(0.0236824,0)

P
   0.36159   0.656539  -0.580996   0.317258
-0.0822689   0.729713   0.596417  -0.324095
  0.856572  -0.175766  0.0725224   -0.47972
  0.358844 -0.0747074   0.549064   0.751119
